0.000000 0.000012
0.100000 0.000014
0.200000 0.000017
0.300000 0.000019
0.400000 0.000023
0.500000 0.000026
0.600000 0.000031
0.700000 0.000035
0.800000 0.000041
0.900000 0.000048
1.000000 0.000055
1.100000 0.000064
1.200000 0.000074
1.300000 0.000085
1.400000 0.000099
1.500000 0.000114
1.600000 0.000131
1.700000 0.000151
1.800000 0.000173
1.900000 0.000199
2.000000 0.000229
2.100000 0.000263
2.200000 0.000301
2.300000 0.000345
2.400000 0.000395
2.500000 0.000451
2.600000 0.000515
2.700000 0.000588
2.799999 0.000671
2.899999 0.000765
2.999999 0.000871
3.099999 0.000991
3.199999 0.001126
3.299999 0.001279
3.399999 0.001452
3.499999 0.001646
3.599999 0.001865
3.699999 0.002111
3.799999 0.002387
3.899998 0.002698
3.999998 0.003046
4.099998 0.003436
4.199998 0.003873
4.299998 0.004361
4.399998 0.004907
4.499998 0.005516
4.599998 0.006195
4.699998 0.006953
4.799998 0.007796
4.899998 0.008734
4.999998 0.009776
5.099998 0.010933
5.199997 0.012216
5.299997 0.013638
5.399997 0.015212
5.499997 0.016953
5.599997 0.018876
5.699997 0.021000
5.799997 0.023342
5.899997 0.025922
5.999997 0.028763
6.099997 0.031886
6.199996 0.035317
6.299996 0.039083
6.399996 0.043212
6.499996 0.047735
6.599996 0.052685
6.699996 0.058096
6.799996 0.064006
6.899996 0.070453
6.999996 0.077481
7.099996 0.085134
7.199996 0.093458
7.299995 0.102505
7.399995 0.112326
7.499995 0.122977
7.599995 0.134516
7.699995 0.147006
7.799995 0.160510
7.899995 0.175096
7.999995 0.190834
8.099995 0.207798
8.199995 0.226065
8.299995 0.245714
8.399996 0.266829
8.499996 0.289495
8.599997 0.313800
8.699997 0.339837
8.799997 0.367700
8.899998 0.397485
8.999998 0.429292
9.099998 0.463223
9.199999 0.499382
9.299999 0.537875
9.400000 0.578811
9.500000 0.622298
9.600000 0.668448
9.700001 0.717372
9.800001 0.769184
9.900002 0.823996
10.000002 0.881924
10.100002 0.943080
10.200003 1.007578
10.300003 1.075532
10.400003 1.147052
10.500004 1.222250
10.600004 1.301234
10.700005 1.384112
10.800005 1.470989
10.900005 1.561965
11.000006 1.657141
11.100006 1.756613
11.200006 1.860472
11.300007 1.968809
11.400007 2.081705
11.500008 2.199242
11.600008 2.321495
11.700008 2.448534
11.800009 2.580425
11.900009 2.717227
12.000010 2.858995
12.100010 3.005780
12.200010 3.157622
12.300011 3.314560
12.400011 3.476625
12.500011 3.643844
12.600012 3.816237
12.700012 3.993818
12.800013 4.176593
12.900013 4.364566
13.000013 4.557733
13.100014 4.756083
13.200014 4.959605
13.300014 5.168272
13.400015 5.382065
13.500015 5.600950
13.600016 5.824892
13.700016 6.053848
13.800016 6.287775
13.900017 6.526624
14.000017 6.770339
14.100018 7.018864
14.200018 7.272139
14.300018 7.530095
14.400019 7.792666
14.500019 8.059783
14.600019 8.331372
14.700020 8.607350
14.800020 8.887647
14.900021 9.172178
15.000021 9.460858
15.100021 9.753608
15.200022 10.050340
15.300022 10.350968
15.400023 10.655404
15.500023 10.963566
15.600023 11.275354
15.700024 11.590685
15.800024 11.909465
15.900024 12.231610
16.000025 12.557031
16.100025 12.885633
16.200026 13.217332
16.300026 13.552034
16.400026 13.889651
16.500027 14.230103
16.600027 14.573297
16.700027 14.919150
16.800028 15.267578
16.900028 15.618493
17.000029 15.971821
17.100029 16.327477
17.200029 16.685377
17.300030 17.045450
17.400030 17.407614
17.500031 17.771799
17.600031 18.137922
17.700031 18.505915
17.800032 18.875708
17.900032 19.247225
18.000032 19.620405
18.100033 19.995176
18.200033 20.371481
18.300034 20.749247
18.400034 21.128414
18.500034 21.508930
18.600035 21.890724
18.700035 22.273743
18.800035 22.657923
18.900036 23.043222
19.000036 23.429577
19.100037 23.816944
19.200037 24.205273
19.300037 24.594501
19.400038 24.984596
19.500038 25.375509
19.600039 25.767199
19.700039 26.159605
19.800039 26.552689
19.900040 26.946423
20.000040 27.340754
20.100040 27.735640
20.200041 28.131090
20.300041 28.526972
20.400042 28.923328
20.500042 29.320122
20.600042 29.717287
20.700043 30.114820
20.800043 30.512653
20.900043 30.910795
21.000044 31.309200
21.100044 31.707827
21.200045 32.106682
21.300045 32.505695
21.400045 32.904865
21.500046 33.304165
21.600046 33.703575
21.700047 34.103115
21.800047 34.502632
21.900047 34.902229
22.000048 35.301842
22.100048 35.701450
22.200048 36.101051
22.300049 36.500607
22.400049 36.900085
22.500050 37.299488
22.600050 37.698795
22.700050 38.098003
22.800051 38.497078
22.900051 38.896000
23.000051 39.294765
23.100052 39.693363
23.200052 40.091801
23.300053 40.489960
23.400053 40.887951
23.500053 41.285717
23.600054 41.683247
23.700054 42.080570
23.800055 42.477558
23.900055 42.874306
24.000055 43.270756
24.100056 43.666908
24.200056 44.062775
24.300056 44.458332
24.400057 44.853558
24.500057 45.248459
24.600058 45.643028
24.700058 46.037216
24.800058 46.431087
24.900059 46.824562
25.000059 47.217667
25.100060 47.610409
25.200060 48.002796
25.300060 48.394726
25.400061 48.786293
25.500061 49.177441
25.600061 49.568188
25.700062 49.958515
25.800062 50.348427
25.900063 50.737900
26.000063 51.126945
26.100063 51.515553
26.200064 51.903690
26.300064 52.291443
26.400064 52.678711
26.500065 53.065521
26.600065 53.451874
26.700066 53.837734
26.800066 54.223194
26.900066 54.608139
27.000067 54.992619
27.100067 55.376606
27.200068 55.760117
27.300068 56.143162
27.400068 56.525703
27.500069 56.907753
27.600069 57.289322
27.700069 57.670395
27.800070 58.050949
27.900070 58.431000
28.000071 58.810566
28.100071 59.189625
28.200071 59.568188
28.300072 59.946217
28.400072 60.323753
28.500072 60.700779
28.600073 61.077290
28.700073 61.453300
28.800074 61.828739
28.900074 62.203701
29.000074 62.578133
29.100075 62.952045
29.200075 63.325470
29.300076 63.698299
29.400076 64.070633
29.500076 64.442451
29.600077 64.813728
29.700077 65.184471
29.800077 65.554718
29.900078 65.924423
30.000078 66.293594
30.100079 66.662224
30.200079 67.030319
30.300079 67.397934
30.400080 67.764946
30.500080 68.131454
30.600080 68.497444
30.700081 68.862885
30.800081 69.227776
30.900082 69.592163
31.000082 69.956009
31.100082 70.319298
31.200083 70.682045
31.300083 71.044228
31.400084 71.405960
31.500084 71.767105
31.600084 72.127716
31.700085 72.487793
31.800085 72.847366
31.900085 73.206306
32.000084 73.564781
32.100082 73.922752
32.200081 74.280090
32.300079 74.636955
32.400078 74.993240
32.500076 75.349022
32.600075 75.704178
32.700073 76.058983
32.800072 76.413147
32.900070 76.766769
33.000069 77.119881
33.100067 77.472397
33.200066 77.824455
33.300064 78.175949
33.400063 78.526886
33.500061 78.877312
33.600060 79.227188
33.700058 79.576584
33.800056 79.925400
33.900055 80.273697
34.000053 80.621445
34.100052 80.968689
34.200050 81.315399
34.300049 81.661583
34.400047 82.007225
34.500046 82.352325
34.600044 82.696892
34.700043 83.040985
34.800041 83.384529
34.900040 83.727524
35.000038 84.070015
35.100037 84.411964
35.200035 84.753441
35.300034 85.094353
35.400032 85.434731
35.500031 85.774612
35.600029 86.113930
35.700027 86.452782
35.800026 86.791084
35.900024 87.128860
36.000023 87.466095
36.100021 87.802849
36.200020 88.139023
36.300018 88.474724
36.400017 88.809891
36.500015 89.144577
36.600014 89.478836
36.700012 89.812408
36.800011 90.145531
36.900009 90.478157
37.000008 90.810287
37.100006 91.141983
37.200005 91.473000
37.300003 91.803596
37.400002 92.133667
37.500000 92.463234
37.599998 92.792419
37.699997 93.120880
37.799995 93.448929
37.899994 93.776482
37.999992 94.103531
38.099991 94.430183
38.199989 94.756142
38.299988 95.081688
38.399986 95.406715
38.499985 95.731270
38.599983 96.055435
38.699982 96.378891
38.799980 96.701935
38.899979 97.024498
38.999977 97.346550
39.099976 97.668251
39.199974 97.989204
39.299973 98.309792
39.399971 98.629883
39.499969 98.949501
39.599968 99.268715
39.699966 99.587242
39.799965 99.905365
39.899963 100.222992
39.999962 100.540169
