0.000000 0.000000
0.100000 0.000000
0.200000 0.000000
0.300000 0.000000
0.400000 0.000000
0.500000 0.000000
0.600000 0.000000
0.700000 0.000000
0.800000 0.000000
0.900000 0.000000
1.000000 0.000000
1.100000 0.000000
1.200000 0.000000
1.300000 0.000000
1.400000 0.000000
1.500000 0.000000
1.600000 0.000000
1.700000 0.000000
1.800000 0.000000
1.900000 0.000000
2.000000 0.000000
2.100000 0.000000
2.200000 0.000000
2.300000 0.000000
2.400000 0.000000
2.500000 0.000000
2.600000 0.000000
2.700000 0.000000
2.799999 0.000000
2.899999 0.000000
2.999999 0.000000
3.099999 0.000000
3.199999 0.000000
3.299999 0.000000
3.399999 0.000000
3.499999 0.000000
3.599999 0.000000
3.699999 0.000000
3.799999 0.000000
3.899998 0.000000
3.999998 0.000000
4.099998 0.000000
4.199998 0.000000
4.299998 0.000000
4.399998 0.000000
4.499998 0.000000
4.599998 0.000000
4.699998 0.000000
4.799998 0.000000
4.899998 0.000000
4.999998 0.000000
5.099998 0.000000
5.199997 0.000000
5.299997 0.000000
5.399997 0.000000
5.499997 0.000000
5.599997 0.000000
5.699997 0.000000
5.799997 0.000000
5.899997 0.000000
5.999997 0.000000
6.099997 0.000000
6.199996 0.000000
6.299996 0.000000
6.399996 0.000000
6.499996 0.000000
6.599996 0.000000
6.699996 0.000000
6.799996 0.000000
6.899996 0.000000
6.999996 0.000000
7.099996 0.000000
7.199996 0.000000
7.299995 0.000000
7.399995 0.000000
7.499995 0.000000
7.599995 0.000000
7.699995 0.000000
7.799995 0.000000
7.899995 0.000000
7.999995 0.000000
8.099995 0.000000
8.199995 0.000000
8.299995 0.000000
8.399996 0.000000
8.499996 0.000000
8.599997 0.000000
8.699997 0.000000
8.799997 0.000000
8.899998 0.000000
8.999998 0.000000
9.099998 0.000000
9.199999 0.000000
9.299999 0.000000
9.400000 0.000000
9.500000 0.000000
9.600000 0.000000
9.700001 0.000000
9.800001 0.000000
9.900002 0.000000
10.000002 0.000000
10.100002 0.000000
10.200003 0.000000
10.300003 0.000000
10.400003 0.000000
10.500004 0.000000
10.600004 0.000000
10.700005 0.000000
10.800005 0.000000
10.900005 0.000000
11.000006 0.000000
11.100006 0.000000
11.200006 0.000000
11.300007 0.000000
11.400007 0.000000
11.500008 0.000000
11.600008 0.000000
11.700008 0.000000
11.800009 0.000000
11.900009 0.000000
12.000010 0.000000
12.100010 0.000000
12.200010 0.000000
12.300011 0.000000
12.400011 0.000000
12.500011 0.000000
12.600012 0.000000
12.700012 0.000000
12.800013 0.000000
12.900013 0.000000
13.000013 0.000000
13.100014 0.000000
13.200014 0.000000
13.300014 0.000000
13.400015 0.000000
13.500015 0.000000
13.600016 0.000000
13.700016 0.000000
13.800016 0.000000
13.900017 0.000000
14.000017 0.000000
14.100018 0.000000
14.200018 0.000000
14.300018 0.000000
14.400019 0.000000
14.500019 0.000000
14.600019 0.000000
14.700020 0.000000
14.800020 0.000000
14.900021 0.000000
15.000021 0.000000
15.100021 0.000000
15.200022 0.000000
15.300022 0.000000
15.400023 0.000000
15.500023 0.000000
15.600023 0.000000
15.700024 0.000000
15.800024 0.000000
15.900024 0.000000
16.000025 0.000000
16.100025 0.000000
16.200026 0.000000
16.300026 0.000000
16.400026 0.000000
16.500027 0.000000
16.600027 0.000000
16.700027 0.000000
16.800028 0.000000
16.900028 0.000000
17.000029 0.000000
17.100029 0.000000
17.200029 0.000000
17.300030 0.000000
17.400030 0.000000
17.500031 0.000000
17.600031 0.000000
17.700031 0.000000
17.800032 0.000000
17.900032 0.000000
18.000032 0.000000
18.100033 0.000000
18.200033 0.000000
18.300034 0.000000
18.400034 0.000000
18.500034 0.000000
18.600035 0.000000
18.700035 0.000000
18.800035 0.000000
18.900036 0.000000
19.000036 0.000000
19.100037 0.000000
19.200037 0.000000
19.300037 0.000000
19.400038 0.000000
19.500038 0.000000
19.600039 0.000012
19.700039 0.009779
19.800039 0.804050
19.900040 5.148746
20.000040 8.793154
20.100040 10.990561
20.200041 12.569817
20.300041 13.849588
20.400042 14.956324
20.500042 15.950235
20.600042 16.864370
20.700043 17.718817
20.800043 18.526731
20.900043 19.297243
21.000044 20.036900
21.100044 20.750618
21.200045 21.442171
21.300045 22.114550
21.400045 22.770100
21.500046 23.410789
21.600046 24.038210
21.700047 24.653715
21.800047 25.258421
21.900047 25.853300
22.000048 26.439190
22.100048 27.016817
22.200048 27.586813
22.300049 28.149731
22.400049 28.706053
22.500050 29.256243
22.600050 29.800665
22.700050 30.339672
22.800051 30.873585
22.900051 31.402712
23.000051 31.927252
23.100052 32.447487
23.200052 32.963631
23.300053 33.475857
23.400053 33.984371
23.500053 34.489304
23.600054 34.990868
23.700054 35.489128
23.800055 35.984249
23.900055 36.476368
24.000055 36.965588
24.100056 37.452015
24.200056 37.935734
24.300056 38.416859
24.400057 38.895454
24.500057 39.371620
24.600058 39.845406
24.700058 40.316910
24.800058 40.786179
24.900059 41.253296
25.000059 41.718300
25.100060 42.181263
25.200060 42.642227
25.300060 43.101227
25.400061 43.558350
25.500061 44.013603
25.600061 44.467068
25.700062 44.918774
25.800062 45.368740
25.900063 45.817005
26.000063 46.263611
26.100063 46.708607
26.200064 47.152016
26.300064 47.593903
26.400064 48.034184
26.500065 48.473000
26.600065 48.910332
26.700066 49.346233
26.800066 49.780708
26.900066 50.213776
27.000067 50.645462
27.100067 51.075813
27.200068 51.504829
27.300068 51.932529
27.400068 52.358910
27.500069 52.784019
27.600069 53.207912
27.700069 53.630520
27.800070 54.051914
27.900070 54.472118
28.000071 54.891129
28.100071 55.308971
28.200071 55.725639
28.300072 56.141167
28.400072 56.555569
28.500072 56.968849
28.600073 57.381016
28.700073 57.792107
28.800074 58.202099
28.900074 58.611034
29.000074 59.018906
29.100075 59.425739
29.200075 59.831528
29.300076 60.236305
29.400076 60.640049
29.500076 61.042805
29.600077 61.444553
29.700077 61.845325
29.800077 62.245110
29.900078 62.643940
30.000078 63.041801
30.100079 63.438725
30.200079 63.834686
30.300079 64.229729
30.400080 64.623840
30.500080 65.017036
30.600080 65.409317
30.700081 65.800705
30.800081 66.191185
30.900082 66.580788
31.000082 66.969490
31.100082 67.357330
31.200083 67.744293
31.300083 68.130394
31.400084 68.515633
31.500084 68.900032
31.600084 69.283592
31.700085 69.666306
31.800085 70.048180
31.900085 70.429230
32.000084 70.809448
32.100082 71.188850
32.200081 71.567451
32.300079 71.945229
32.400078 72.322220
32.500076 72.698418
32.600075 73.073814
32.700073 73.448433
32.800072 73.822266
32.900070 74.195312
33.000069 74.567604
33.100067 74.939117
33.200066 75.309868
33.300064 75.679855
33.400063 76.049103
33.500061 76.417587
33.600060 76.785332
33.700058 77.152328
33.800056 77.518593
33.900055 77.884117
34.000053 78.248917
34.100052 78.612991
34.200050 78.976341
34.300049 79.338959
34.400047 79.700874
34.500046 80.062065
34.600044 80.422554
34.700043 80.782356
34.800041 81.141426
34.900040 81.499825
35.000038 81.857513
35.100037 82.214516
35.200035 82.570831
35.300034 82.926453
35.400032 83.281395
35.500031 83.635658
35.600029 83.989265
35.700027 84.342171
35.800026 84.694427
35.900024 85.046005
36.000023 85.396927
36.100021 85.747177
36.200020 86.096786
36.300018 86.445732
36.400017 86.794022
36.500015 87.141663
36.600014 87.488670
36.700012 87.835007
36.800011 88.180725
36.900009 88.525787
37.000008 88.870239
37.100006 89.214027
37.200005 89.557205
37.300003 89.899734
37.400002 90.241661
37.500000 90.582954
37.599998 90.923630
37.699997 91.263680
37.799995 91.603111
37.899994 91.941933
37.999992 92.280151
38.099991 92.617752
38.199989 92.954758
38.299988 93.291122
38.399986 93.626923
38.499985 93.962112
38.599983 94.296700
38.699982 94.630692
38.799980 94.964088
38.899979 95.296898
38.999977 95.629128
39.099976 95.960747
39.199974 96.291801
39.299973 96.622261
39.399971 96.952148
39.499969 97.281448
39.599968 97.610191
39.699966 97.938324
39.799965 98.265907
39.899963 98.592903
39.999962 98.919365
